-56.403550 -40.152663 1.708876 
-53.140506 -49.843038 8.264557 
-5.001684 20.645903 25.733446 
-33.265925 20.200202 45.347826 
-31.958115 2.146597 51.269110 
-38.795007 12.584757 33.278581 
-39.715079 11.341351 48.846438 
-8.609127 -73.360119 17.095238 
-5.304200 -87.102157 19.323496 
-24.010774 -5.861410 -32.826641 
-30.237677 -46.493585 -17.452397 
-34.771765 -9.299608 -35.172549 
-33.515847 -72.220765 -14.257923 
-37.632472 -38.758481 -22.906300 
-38.896698 -60.874682 -16.663844 
-43.393728 -58.809524 40.471545 
-35.980519 -83.125541 18.926407 
-44.904486 -56.280753 17.439942 
-31.993691 -75.483701 33.056782 
-43.132353 -66.558824 15.906250 
-37.122661 -69.533264 43.258836 
-43.266380 -75.049409 23.400644 
-45.069149 -64.283245 32.022606 
-43.614049 -6.016575 -40.149171 
-50.245499 -60.608838 -7.837971 
-48.242567 -19.479656 -32.479656 
-52.185499 -51.758004 -16.904896 
-52.818271 -31.309430 -26.385069 
-52.835546 -41.770174 -22.660878 
-8.616947 -48.171793 7.731863 
-5.075020 -42.784517 28.464485 
-24.909233 -92.300469 14.186228 
-42.947170 -72.409434 -6.833962 
-14.744709 -99.826720 8.843915 
-45.166234 -77.340260 4.583117 
-16.533141 -100.145533 -6.046110 
-34.835691 -84.610446 -14.468988 
-28.701852 -89.411111 2.435185 
-24.468116 -93.362319 -13.927536 
-35.435277 -89.190612 -3.732575 
-17.753509 47.755755 -18.101067 
-20.811106 15.327714 -20.021815 
-28.966843 31.229088 -15.813112 
-28.864099 25.384448 -12.546512 
-23.078374 -62.599419 -8.500726 
-6.559578 -88.407240 -8.045249 
-16.899535 -52.515349 -6.002791 
-6.980070 -76.649472 -1.662368 
-14.722494 -63.339853 0.894866 
-15.834179 -74.541455 -9.203046 
-6.025210 17.265756 -16.858718 
-6.501101 52.613353 -11.097579 
-5.719202 39.965588 -19.798348 
-59.379435 -14.499638 -22.706010 
-56.848990 -58.883231 2.381914 
-52.194580 -0.915219 -29.740097 
-60.825629 -42.141930 -8.054339 
-60.018519 -27.635031 -13.298611 
-25.991189 -25.186784 -25.332159 
-22.076053 -38.247688 -12.107914 
-7.362816 -38.570397 61.859206 
-8.721267 -21.255204 49.808145 
-7.506276 -26.002510 60.179079 
-49.740465 21.610233 15.596279 
-44.486409 11.434907 5.653076 
-45.811818 13.245455 17.796364 
-41.442783 40.407672 -12.177503 
-48.102240 30.818890 5.227848 
-40.487207 31.110874 -0.502132 
-9.986425 -89.402715 3.926094 
-13.643931 -74.058960 7.273988 
-16.090447 -36.385163 70.946138 
-51.747771 -13.374522 13.364331 
-29.604043 -33.269917 62.903686 
-60.994012 -13.468777 23.994867 
-40.488584 -29.291096 58.126712 
-53.220698 -15.220698 34.495012 
-44.948367 -27.507903 49.681770 
-49.124402 -21.491627 44.209330 
-6.448488 -26.226764 38.546473 
-4.381127 -7.346745 35.440380 
-37.874144 -17.550514 53.143836 
-49.770687 0.859046 7.718093 
-13.373494 -26.420269 69.112686 
-54.641864 3.804590 21.876912 
-24.045574 -17.930762 65.358457 
-32.737288 -15.538136 59.027119 
-53.932496 -2.569074 28.427786 
-42.151947 -6.437797 47.716999 
-47.849213 -7.086993 39.928749 
-14.240201 -60.530653 12.161809 
-9.713115 -48.762295 58.942623 
-11.605708 -66.186047 23.613108 
-9.260824 -44.096093 43.357973 
-7.174011 -69.684746 35.981921 
-7.305000 -61.735000 48.466250 
-7.411572 -56.623362 28.838428 
-5.020690 35.550805 2.473103 
-40.059727 33.650171 16.156997 
-39.194444 47.543478 5.071256 
-31.628272 29.739529 36.488220 
-21.916205 57.989612 -10.367036 
-42.453770 27.739687 29.635846 
-32.064103 53.733728 -2.766272 
-25.071520 40.946360 29.699872 
-23.693239 56.430878 9.910192 
-37.375483 41.638996 23.134170 
-26.224037 50.222870 20.186698 
-11.062982 61.803342 6.299486 
-11.686777 -8.424793 64.785124 
-9.020717 52.775299 15.416733 
-17.927432 1.240032 62.199362 
-10.349686 54.690566 27.231447 
-7.206540 -2.830465 52.236661 
-7.866716 41.423417 31.085420 
-10.006845 10.758385 61.433949 
-12.798887 41.986778 41.756437 
-8.050800 16.079022 48.005644 
-17.722302 30.842446 48.028777 
-17.761706 21.067726 55.610368 
-6.939499 28.797636 44.500000 
-16.828947 -49.727632 66.319737 
-12.001488 -89.209821 25.053571 
-31.851301 -47.447336 59.381660 
-34.423810 -45.066667 46.744444 
-29.741438 -54.797945 46.405822 
-18.845291 -83.868834 31.849776 
-20.723512 -60.528759 61.520686 
-23.650064 -73.056194 29.860792 
-21.033210 -66.468635 43.566421 
-12.295620 -70.559611 52.287105 
-49.500000 -32.086745 8.040936 
-43.696244 8.443114 -23.509526 
-61.949202 -38.301161 11.640784 
-52.287141 3.186017 -16.006242 
-59.114051 -24.142336 -1.903285 
-55.627500 -12.855000 -2.430833 
-51.982718 -7.207384 -8.805970 
-44.148208 -47.573290 41.342020 
-46.732528 -28.504745 18.622088 
-54.163802 -47.446916 39.001011 
-58.911636 -29.412948 25.093613 
-57.393069 -49.401980 24.446535 
-54.588803 -32.859073 37.251931 
-49.357225 -38.912139 32.553757 
-8.118848 63.548619 -9.218487 
-31.541839 10.662289 -35.594371 
-44.533505 -22.900344 6.773196 
-35.686777 -20.587603 11.657025 
-34.236728 7.124383 -12.183642 
-37.400137 -8.593707 4.436389 
-35.450030 4.279830 -0.592368 