53.969182 -39.123273 1.497343 
54.990074 -42.904467 8.951613 
5.639305 21.084500 26.725736 
37.199108 10.573551 33.786033
32.879760 5.008016 52.605210 
38.175589 21.138116 45.692719 
36.441860 12.222222 48.854005 
7.970109 -78.013587 26.547554 
6.201097 -89.290676 13.001828 
8.630194 -72.195291 16.803324 
24.687620 -4.962155 -33.415010 
32.028812 -69.722689 -12.972389 
34.950083 -7.781198 -36.410150 
37.491313 -59.459459 -16.182432 
36.034682 -34.844756 -22.613543 
33.583537 -48.043195 -16.660147 
49.547278 -52.679083 13.404011 
37.366412 -80.319520 21.611778 
51.260490 -52.230769 26.508741 
35.461940 -73.577685 35.111575 
43.066667 -65.541270 12.949206 
42.330661 -50.821643 40.643287 
42.866485 -72.440054 20.835150 
50.199747 -56.465234 40.015171 
38.150633 -64.760759 44.783544 
46.550943 -64.835220 30.294340 
43.380094 -4.293253 -40.017368 
51.656716 -58.795115 -8.910448 
52.719643 -19.405357 -32.359524 
53.740681 -48.775527 -18.389789 
51.821429 -32.635870 -24.873447 
10.075728 -47.138511 6.864078 
5.081715 -43.030744 27.894822 
18.645885 -99.162095 -7.394015 
44.513465 -70.021544 -2.035907 
17.105691 -99.073171 10.070461 
24.048611 -90.626736 16.782986 
43.316492 -78.804576 -11.404194 
32.220800 -84.385600 8.259200 
28.676205 -86.707831 -12.200301 
29.431464 -94.003115 -5.362928 
41.602711 -84.248175 -1.237748 
22.097129 15.253110 -19.587081 
18.684153 45.825683 -18.556831 
34.726609 27.001327 -12.522230 
19.724658 30.732877 -19.559589 
18.333333 -50.895480 -4.911488 
8.198175 -89.140808 -8.573664 
20.625610 -58.531707 -6.080488 
7.687927 -77.239180 -3.471526 
12.885463 -63.722467 2.183921 
17.115450 -73.040747 -8.471986 
7.618033 52.545902 -8.671311 
6.636640 19.291498 -18.221154 
6.335362 40.741717 -18.018256 
60.749491 -34.048201 -8.065173 
51.631319 2.998767 -32.906289 
59.994048 -10.801339 -22.330357 
56.269417 -57.781553 3.134709 
62.074727 -43.288833 -7.718724 
59.991545 -21.624904 -15.326672 
23.854350 -37.517107 -11.568915 
27.447798 -24.861338 -24.204731 
11.545455 -33.684025 49.448367 
5.356571 -16.772436 61.135417 
6.497475 -29.478114 59.215488 
45.542199 12.248934 5.779199 
50.729825 20.261988 18.121637 
46.692771 12.043373 16.936145 
42.385469 41.077648 -11.351636 
48.344595 35.371622 -0.694595 
43.058896 25.395092 5.938650 
49.411126 29.426052 7.560380 
14.565878 -70.587838 8.201014 
12.274854 -91.432749 3.473684 
9.324074 -78.765432 7.675926 
13.789222 -34.572455 71.667066 
50.836154 -10.313846 13.850769 
28.370800 -33.301275 63.250290 
61.877751 -11.132029 22.532192 
39.056309 -32.346194 56.622523 
54.620429 -14.836066 36.203026 
43.566168 -23.448792 53.867664 
48.387306 -19.411917 45.558290 
5.613982 -10.595137 38.677812 
5.707363 -24.730648 36.269352 
50.415483 1.973011 7.995028 
13.824742 -24.344964 68.442506 
54.264137 5.644953 24.204724 
22.698219 -15.158388 65.774133 
55.756061 -2.121970 27.641667 
33.546008 -20.560456 58.860837 
48.733232 -3.493140 43.394055 
39.911111 -11.508333 46.213889 
33.180982 -9.761759 53.350716 
14.098616 -58.053633 12.916955 
7.879498 -58.918828 24.867782 
9.761111 -47.658889 59.438889 
17.346741 -68.079057 26.266297 
6.423292 -59.699888 49.988802 
7.562500 -66.638221 37.237981 
9.153191 -45.782979 40.912766 
5.983949 34.532588 2.542802 
28.995132 56.136300 -10.249652 
22.805582 58.195380 -1.627526 
31.818499 29.862129 37.897033 
38.776316 49.490132 5.110746 
43.917790 26.858491 30.252022 
23.690265 56.926254 12.712881 
43.268354 33.058228 22.368354 
24.458836 47.983535 26.632272 
38.413146 43.921127 19.272300 
30.409341 40.024725 24.248626 
9.729638 6.951357 45.687783 
10.931872 61.390760 5.931872 
12.366579 -3.265092 65.643045 
10.089983 52.879457 14.414261 
19.312956 3.410584 60.360401 
10.210453 54.908711 26.160279 
9.686775 8.294664 60.026295 
11.492403 46.987569 37.341160 
19.625523 17.776151 54.751046 
9.105031 36.256840 30.567520 
9.200519 24.388709 53.685918 
16.002727 36.524545 45.570909 
9.662184 30.314873 45.207278 
23.584713 -81.495541 24.360510 
14.988916 -47.232759 68.312808 
15.733461 -85.226270 34.587728 
22.034121 -75.393701 40.053806 
23.849231 -65.156923 38.592308 
29.590909 -46.771562 61.291375 
13.058750 -68.865000 53.702500 
33.208925 -44.119675 46.361055 
18.519651 -59.153930 61.758734 
30.873267 -53.879208 51.443564 
45.127378 10.190275 -23.683404 
60.395197 -31.749636 9.372635 
53.179974 1.882853 -14.544503 
56.760262 -7.716835 -6.308150 
59.154909 -22.562182 3.008727 
51.438479 -17.538404 -3.435496 
42.910714 -34.254870 40.887987 
45.033989 -24.933810 18.411449 
52.152080 -41.395983 41.955524 
55.925602 -25.443107 26.921225 
60.142169 -41.424096 23.042169 
58.938005 -35.886792 36.867026 
53.339002 -30.725624 31.862812 
9.833805 62.818697 -10.737488 
32.329699 9.840602 -32.327820 
45.549628 -20.647643 7.012407 
36.196011 9.173379 -11.673955 
36.408831 -19.093213 10.738348 
38.165125 -6.045575 4.285337 
36.767277 5.573538 -1.363260 